5
637 928
6909 91193 59907 61640 94385 33441 81035 84676 63753 87503 43701 48970 32007 47605 69871 48154 91938 89829 84635 52456 75760 70757 3695 91428 2833 93156 58402 40374 15356 83019 73740 98071 25543 91803 1092 29135 94582 84359 45474 31466 60250 51513 5617 15826 82269 55273 44686 59704 5557 73266 81200 15695 6474 31840 21934 58961 87700 27472 46288 19714 71689 19883 23831 19833 22606 72173 92079 90317 73852 27444 39462 48094 31048 23452 92333 61923 25982 76838 33014 84221 28138 95580 73315 82418 30291 39283 82465 19305 79096 73602 35033 47493 34868 63907 93025 30792 98074 9124 18706 16736 69281 83667 76205 86703 80653 97619 7620 14069 78011 98506 86350 8861 77496 61736 88948 76975 18793 19535 34615 56912 97102 20450 27328 17608 58799 68542 31842 59041 5881 87853 78045 78812 44245 44576 75662 80424 58076 8411 52413 61027 52278 99486 36759 40994 16924 64448 15549 48347 41065 86978 77083 94415 40107 93612 85893 36853 33256 98881 45685 12864 21661 93657 59071 45452 70255 17122 33859 33017 54197 91696 53124 92415 68578 5730 84694 67352 22540 61888 15019 86869 5832 63230 92646 84537 58921 22393 47804 87335 96020 55223 55802 78742 22474 331 55068 51071 22529 14493 84190 29470 25479 44559 36540 33618 76031 25717 76226 21617 19650 56535 21838 69150 69238 94758 72797 25074 9586 71190 59133 89916 24381 69563 21693 71647 23342 73380 86226 2634 29311 873 83141 85870 63720 19376 97605 44544 56996 98381 51983 39359 67311 42774 67919 18947 96208 22940 65340 93636 37194 93194 1808 45038 56557 60837 65157 283 51505 4669 34353 49449 12842 99983 78456 21253 66361 80699 27598 70639 29369 39688 67533 65502 94356 2407 52216 94032 63377 57689 96751 22108 35182 25008 81387 63142 61262 38807 60883 83957 61477 28910 76117 83963 31013 86662 23615 69943 94696 70929 3353 75072 60965 47385 61777 47027 16838 37694 93497 7714 40678 12886 31320 83785 70074 39678 35795 88096 89003 11568 52613 81345 59101 74247 9473 24157 11952 32807 21164 11965 98109 85052 77505 29252 72373 23587 97840 30650 26851 60982 57093 57176 51429 7462 6159 30990 61753 82603 68362 16608 76131 17049 11296 3298 99761 13849 81437 90299 41509 72386 47959 81354 17568 60996 86014 53393 473 35326 25418 51401 11531 20947 66566 54290 54431 9378 22201 5842 69374 77772 264 80172 84307 43989 11474 97576 54725 73367 15126 11144 89949 28526 67528 4950 7224 54405 71569 26642 80526 56121 24861 84435 91707 41001 71946 84466 87333 44424 17802 42827 46971 28033 53508 20828 12765 88793 71558 76462 93338 84406 3221 75522 98243 49365 23064 93431 27990 24794 24803 76326 7486 88005 98543 21988 51781 86653 15325 3599 85564 28568 63414 65990 53994 50052 11227 19734 99836 39502 49965 95085 78722 13255 3276 49942 66546 13801 97936 35032 70236 66611 40073 71486 74518 8448 1424 13287 42209 14324 25147 33380 37477 21874 50920 36346 4305 24377 17089 33519 68516 17823 10201 62868 14289 94166 33841 91669 22225 67871 47401 85278 88311 31034 84333 46890 94145 77813 35780 15405 25962 64666 83697 18299 41022 67690 41298 90790 36088 10762 625 50387 10766 24558 72817 83353 87475 1511 22027 83842 25482 1219 3345 56617 44591 75777 47980 35724 68512 32693 6187 91462 21247 12368 4658 69010 58913 22471 96784 72485 57427 53458 93251 75273 77634 49841 52381 46606 98316 43512 15381 46523 84066 73946 58023 19569 13537 52800 32727 82165 47708 41952 99360 61322 2738 90964 40240 73975 885 56929 84143 88646 17077 44926 40174 2335 72397 30449 18316 79969 14613 76061 19275 72813 96214 2659 19289 921 71078 26160 28512 14608 80606 25569 15434 73011 67036 82055 4432 80236 25709 21794 26007 3552 37033 69883 92575 35410 98981 42043 73007 42823 41095 35359 44486 6236 71910 25458 21455 22190 41214 74172 90127 26791 80183 92608 94922 922 28233 22425 95603 11807 49315 41624 43692 99456 62898 48579 16031 81710 71753 47982 91636 33727 7135 97866 73930 76042 25714 40527 3833 61215 35227 23722 71243 92203 31038 22928 6734 97345 87267 71056 3681 67182 20904 29944 19901 18365 154 72335 46197 7497 50923 7053 13410 26088 87788 1803 30651 90292 45895 29947 36516 71699 25802 81446 59400 62144 27668 34292 48905 84456 35956 94177 63620 4787 767 39724 21821 58825 57526 48302 18286 87948 37340 54812 33067 27986 1865 87988 36381 97257 56877 68841 25866 49706 32192 53509 27637 85048 25999 9949 10295 14433 33810 15793 90036 77935 18726 59883 83372 97969 26530 96340 98884 83508 98232 85766 60901 58885 1912 49170 14935 78533 68680 21754 96416 71173 43025 19614 64205 27510 25548 42211 7567 894 42131 81175 26163 1907 45668 97012 87432 92309 96674 35559 27498 7215 1939 57656 29100 62642 26532 19072 23405 96282 80269 59573 66173 31770 31897 95914 77541 50504 5992 74884 19620 99167 91044 58680 26125 28196 34988 62454 22233 56066 81905 54361 89703 98372 10468 21579 34696 8144 82116 66679 4908 43936 47937 81408 71232 86127 11062 94228 93126 25612 16023 65784 43982 92898 89630 58940 60447 19033 95008 51357 51480 41438 12694 97461 49009 88009 47259 58444 8231 11508 69148 72744 87308 24306 23119 49964 9793 24589 94799 70242 5155 77081 67936 69031 3826 78911 67981 83017 53187 69223 54173 89408 96356 88229 63615 3759 7028 45133 23950 87951 64717 79781 18798 31238 22404 44487 20116 14605 22412 89542 42800 18794 75407 18682 45327 86508 47449 65674 71664 41112 22778 29717 76981 52027 29564 64642 68917 40814 8990 70948 10610 83181 3623 58289 78609 3891 42525 53007 57699 17027 62372 21551 82163 21406 67831 94731 76361 11642 53031 54524 79042 39984 92498 35020 86716 76287 64622 18003 670 22019 4673 38363 44395 54245 74124 37193
526 628
74325 91080 78474 11050 91094 56489 32333 89559 21565 70969 73741 71914 71371 3239 51884 11889 37418 27880 33420 40528 78760 54990 88726 5369 96840 80126 65070 53947 30208 72441 12682 19654 40974 63831 63650 25596 83565 76660 36131 72814 80153 87146 91177 60808 62949 69809 81222 16687 43337 22286 18731 33166 78196 96133 53456 48196 7250 45275 13355 55703 68133 37639 46106 7683 47263 86266 19124 61901 44016 16618 10905 52677 36856 41113 95286 66839 35587 16974 7860 46084 59443 20461 78737 49200 45443 31894 60232 85085 20634 6982 21265 17772 99054 3873 6797 93108 11319 11662 53656 47607 75018 72357 82655 76834 69584 67197 22296 74439 87386 77470 63609 50985 91824 93020 8913 80285 53271 70292 73280 82384 41659 57013 41366 44115 20590 43431 29261 21591 34826 87812 74266 95560 83569 2202 20761 88768 35982 9776 94077 80057 16131 4045 93110 46484 49920 99154 99206 75504 45355 44636 49479 15875 71314 5859 33150 58136 15422 93818 74302 96114 84565 66258 29307 66933 25828 46567 75269 57714 43574 78844 13610 63201 62109 89605 28641 37183 80496 79989 87222 21515 62092 53964 65003 99934 71740 92357 85231 20494 43463 4722 390 49635 32883 39655 43205 70027 64626 85471 1911 43045 10663 60128 45118 12466 66044 25323 98527 93112 73311 50884 24631 66483 25776 43216 51711 46359 95858 6682 1971 72679 96154 64516 93325 42613 68126 33630 50392 15600 57575 82153 80529 44069 45202 97355 44474 83088 13772 92296 33432 97379 94297 48018 70653 38887 17812 58930 42585 82298 3401 56915 75508 49642 58430 64698 18245 33983 26856 93526 36882 70162 72275 11125 21807 36509 92662 42971 25153 72884 58947 44863 76052 90990 13424 68906 28799 40045 50820 61453 12960 9004 34140 44655 73358 83939 76146 13715 28489 19109 43698 987 60516 22475 24614 80048 76122 69454 11186 17023 33595 87243 5143 64613 25995 548 48667 24207 62546 32336 85335 22374 43306 72027 10780 73588 52904 18937 22362 88176 35531 69137 89650 69440 67547 38342 88667 5533 22807 23883 28361 30687 13182 98843 33837 64796 81183 21920 45445 21573 71272 55467 12891 68385 63261 22485 77791 41230 66072 83563 59419 44171 89604 55054 36988 2400 39322 14271 65872 92522 19827 81219 92148 13048 3584 18938 49711 29820 28286 37550 92923 68919 73141 97888 82023 13140 70763 87282 50384 46424 21991 28825 35147 66340 29477 21877 49306 41276 32523 16260 38955 63635 2332 41455 13812 16138 50477 87490 223 18929 37484 76444 54093 81259 4025 29370 9032 96568 32170 57538 92712 91000 95581 39165 6609 13971 87790 21248 63904 88868 83289 26869 12811 62712 29157 56197 25621 4402 51676 83839 10704 7868 25410 48392 35195 39331 60484 56096 34246 2559 68454 28085 41023 61365 49515 97803 88417 9002 44593 52888 27626 13986 14725 82341 5201 9587 73296 4833 45517 8998 99132 82955 46321 91786 84207 59840 64560 84639 54681 6662 65176 42877 45271 8525 37828 29855 23466 22476 73981 37764 38109 48971 3624 94063 87680 40991 41569 79364 26399 26561 16564 36421 89213 72831 87649 47910 3204 40477 36383 96392 92531 56369 59881 99233 50543 15873 42542 61221 94207 55422 86214 94734 99232 44352 22365 43034 44954 89007 78977 98053 79729 53968 2776 74868 30635 86513 2875 44709 22403 91119 73073 54321 16272 96458 30329 17628 12126 82553 50437 59472 37201 72309 60015 89481 8194 48567 11113 64455 85394 12060 64736 85849 67673 14755 26622 23478 4266 55117 65312 21496 70311 49581 16296 49719 67028 7169 32089 20026 97074 20841 49268 61722 12064 73079 65169 90316 31025 25179 475 40160 8187 20652 49923 41641 4822 65236 38390 15389 15702 31180 73489 77884 77577 50104 66090 27427 37346 20078 5810 62386 85495 42220 24946 114 21413 82652 65326 68642 99437 69363 30134 20757 86272 37755 61227 45011 31639 78682 91650 91007 9810 34280 67972 17172 7141 31932 56114 79056 56014 89373
450 621
90477 49161 8629 60760 27652 89403 17587 83007 34721 58637 26999 95880 78975 79521 75946 91298 70270 80435 11182 26880 26915 80855 82227 54685 69956 43184 64854 18711 80220 30014 77251 86380 37479 30457 98943 2815 67410 7076 49816 3219 40417 5983 47039 23747 90256 80346 82761 27769 92936 14454 95501 98202 62942 14145 92997 25788 98326 87003 83021 82131 2097 45658 49066 20849 34308 32092 42148 21764 56798 18861 10724 99976 86886 67155 31578 46627 41839 25763 43476 10350 12481 19357 99812 7715 67164 92405 63909 55275 56312 48831 91127 52126 88243 1293 51140 86071 72380 83124 17811 16456 75506 92521 89515 38456 41347 5065 81948 39309 93158 50049 85477 46600 27859 22482 6711 98930 10673 54801 71975 61264 78545 14543 90727 78551 80029 45281 16832 77510 53112 80751 15654 62789 3588 42667 47557 37841 87448 81580 71472 60359 7183 70789 20115 21107 55983 25513 11179 78955 52506 4212 10960 7791 63195 67319 42869 1999 91363 15073 4993 64994 67662 27988 57388 92290 92422 4416 14148 98271 78490 68915 18916 68116 95029 46124 52734 10231 24171 81457 58294 97236 85247 76196 7010 11720 63668 39971 42248 73317 28596 74685 98660 15618 95817 85674 45969 94665 34216 16083 80204 29127 82787 39357 18858 1363 47442 40135 42368 36922 58441 42289 27886 56961 42720 96733 29265 50203 8154 42927 47156 61681 45491 68561 1050 91883 73833 56076 68382 81907 34837 82012 57700 78413 25387 93143 91611 85956 39161 32754 43694 19402 85299 81802 95698 23472 70194 31699 58949 69947 88466 20934 25039 25357 35759 5781 16025 17656 32178 92851 15034 91773 58262 67294 35115 66993 30344 75627 72693 79731 4044 879 76134 79099 54936 13105 26140 36654 63813 68252 15598 30031 83559 55661 2586 56879 39989 73792 39179 31740 73446 97566 65877 33236 93051 87340 4004 22624 29313 3007 7686 16462 86273 41404 5237 11524 14821 66520 32801 80955 95587 73605 78018 72709 52561 34671 41475 39913 7347 34021 34110 21905 10356 29141 72231 18047 88709 78774 7653 65996 38092 66869 72336 81305 80063 64175 74456 44442 54781 22816 91599 36119 32223 38174 60763 39071 37543 25577 48210 5915 12655 30446 59000 49190 67656 73159 73747 39371 90805 12993 17744 26907 92720 3802 37222 25598 93523 53248 27680 34929 18620 43907 91394 83424 12767 19473 56495 28785 29047 76441 41188 49425 9016 9812 6423 94288 66650 17748 60840 28648 95049 28431 1441 51353 725 50981 2834 68370 1731 53188 30275 610 8836 97750 50900 78116 4573 33586 23835 28887 37289 78970 88644 21291 81292 50605 61225 84010 84125 8690 95311 91505 44584 95841 22920 41506 82861 46231 17622 32068 91782 56755 90589 72617 36732 36777 47242 44859 55199 28941 79577 68313 40126 42375 62251 4107 70321 91187 20198 42736 38643 26812 47661 84883 66011 10023 80907 23772 71855 21120 15255 69532 67743 7099 80904 70742 60846 76228 23311 77621 71921 84812 42318 3423 95784 21714 49498 29291 60648 91671 89836 89938 54440 40930 10937 24465 41675 93689 26233 8592 24451 61958 712 72752 49636 31669 63472 22623 51180 85287 19106 69400 96074 3515 19661 48552 59785 31586 50695 71382 47567 56831 9789 71310 85108 39536 87483 59191 38747 18655 38259 7858 25285 69228 3325 13782 82551 2673 24393 34883 49403 55095 40448 6570 887 46649 12298 2697 8759 65524 24911 37216 66485 80380 15996 25322 26204 61649 47647 56042 41775 15247 82506 75336 18551 69967 25091 52654 98793 70531 24285 6132 10255 41291 94112 81144 9874 87878 97958 33702 20096 61082 83228 57747 26963 34088 85712 96632 63878 86048 5797 45910 89567 67157 37723 23966 21553 91949 81171 43065 51099 62747 8514 76591 4796 26827 51756 64368 63463 21784 61046 94495 13554 81893 9693 45759 42196 83900 74512 27058 6371 63913 84188 19529 96960 1735 13467 19994 32053 12479 6487 28282 31594
133 380
99183 31603 80363 17198 60006 10120 89116 22868 32420 28911 92089 27523 23200 42404 92640 44748 8327 44589 48089 32482 59122 4277 55045 93588 6468 42102 63433 63732 19934 3390 28622 21276 54520 40579 4225 79000 9302 28845 80143 22521 55745 69450 49900 41566 93976 76930 91336 75701 10619 90688 41807 50407 79296 79685 35727 75621 722 59245 87514 39167 66600 15839 504 74464 69340 10543 88877 1407 59505 8878 1321 24706 46072 60800 45511 19404 63052 62485 1676 90936 36972 50431 10075 91660 62865 50517 44257 36030 39705 90932 17670 52949 23567 15794 73466 38795 52290 73677 83918 14314 73860 42881 22651 95774 21176 11121 74023 64345 50034 70429 63818 93566 58689 4747 48641 36386 9409 53647 618 71156 26497 97508 23781 79303 28142 10205 20600 78060 61965 11639 93583 75597 52035 16277 41167 2835 26823 7943 73845 37241 39363 2871 59412 84295 21450 9176 95802 49640 88299 31106 81402 46853 73631 82651 87396 7633 52893 18903 81400 68173 98994 87528 22817 41971 31749 40102 25865 63373 49076 53773 30178 39201 78192 45952 30474 77581 35397 89085 95295 58860 38389 92239 6954 42759 36367 37679 76331 55658 85538 60267 14057 64442 25944 14385 80010 8888 96376 82830 99371 19506 77532 20799 18825 64767 78527 93335 59570 96464 2720 71230 5795 6702 24238 98154 51229 45947 51116 22203 40732 97901 23319 5149 31814 69324 78180 45637 11609 79661 22848 23425 94348 18729 34221 60663 46743 75286 85903 6861 85906 57488 18165 18412 13802 33310 7422 22688 79621 51641 44095 19540 11490 67820 49050 1233 61312 17726 83466 69886 46029 62709 57031 77962 76066 88410 33535 97542 89411 91250 86019 42095 56835 26807 90877 20322 83149 12135 36250 81898 92276 71913 28959 439 56533 88890 5000 61139 51732 70875 20333 48025 95982 63399 92080 97168 1263 17843 18520 88334 92770 51675 40378 80541 75073 31213 62916 57203 2302 51993 87264 71453 69749 14847 25121 59385 57369 80965 82982 48479 41661 83271 54581 99670 84173 91422 24315 39180 4434 89201 1498 65193 78961 28619 63504 39051 94672 77520 72345 36792 71261 4354 41480 1195 7536 10234 63839 86854 70509 22398 82100 27525 56699 51935 84230 47908 57959 25217 48428 55596 41265 13013 48264 88091 99318 5327 8516 86748 84462 27541 32590 55538 2814 32260 85560 60770 14009 64891 21304 57371 76077 66112
165 52
76805 30911 17680 60360 5359 78924 35615 31611 66228 74922 12712 49627 9813 94056 75567 74086 79499 99202 96118 75849 32492 72005 37776 17816 30581 11112 16882 11780 17697 46604 30117 16289 51486 34717 14972 36224 293 40360 89633 59361 65864 90912 68712 80437 37972 94754 21042 59271 91998 79957 96731 63000
